4.063547619047618298e+00
3.801088578088577918e+00
3.275798946907924947e+00
2.868989802377169163e+00
2.538857720427535991e+00
2.385889865527360154e+00
2.263095308998049227e+00
2.172588299874967266e+00
2.111946967496479921e+00
2.062600276694633195e+00
2.070308102460192146e+00
2.100125632111272456e+00
2.116389394869522267e+00
2.137770387999044175e+00
2.147386206498702155e+00
2.123988315433089635e+00
2.131051563348691502e+00
2.144033976785472806e+00
2.098699683327780008e+00
2.098866309316369083e+00
2.066589955619168251e+00
2.061716391449676777e+00
2.009757169613724415e+00
1.986854395036204091e+00
2.048403486002945417e+00
2.043863690640310704e+00
2.067728002059952885e+00
2.048635848920836722e+00
2.028917561569160366e+00
1.989367451902084749e+00
1.968681764233959131e+00
1.997547048360117428e+00
2.029061670258921701e+00
2.048762772287842093e+00
2.038661194731843818e+00
1.996512090961627406e+00
2.026104325644604742e+00
2.056301512723127889e+00
2.041998011355756315e+00
2.079952802905111309e+00
2.099838659114212636e+00
2.103316500612882667e+00
2.112602153032634877e+00
2.098367604115467966e+00
2.126390595048992527e+00
2.084862014966315069e+00
2.071947712043822332e+00
2.070495511506006192e+00
2.046971398105273288e+00
2.046232367667359053e+00
2.068147176856210301e+00
2.071855550533706847e+00
2.077400896905711836e+00
2.053652936983223043e+00
2.030376862489695178e+00
2.056898145321412130e+00
2.068673305881324698e+00
2.043986271382658426e+00
2.020036394196558671e+00
2.038421649421082282e+00
2.047353434784365156e+00
2.095179868263890910e+00
2.078311523027926544e+00
2.079367265726442149e+00
2.081934738942917917e+00
2.050071649200364554e+00
2.049139350904318757e+00
2.074680417444764835e+00
2.111358766049800550e+00
2.083185894714568054e+00
2.069590437726108512e+00
2.098445010335237448e+00
2.040613244579680963e+00
2.040736193019415889e+00
2.036503478647324616e+00
2.054986309552881973e+00
2.055269804187601412e+00
2.107276144273867224e+00
2.049067599022979635e+00
2.081049994833031658e+00
2.079163639715336132e+00
2.080301732690509997e+00
2.101916200245955491e+00
2.156926224569394979e+00
2.136691848142805217e+00
2.145486922592948709e+00
2.136249121301935006e+00
2.093466699502355866e+00
2.131708184876123902e+00
2.109886166946275399e+00
2.064452229801232885e+00
2.095358529047550267e+00
2.128563900135466813e+00
2.109195990763881312e+00
2.087831568867718257e+00
2.122962414082155469e+00
2.128101364751411317e+00
2.155571435868614216e+00
2.136695351390582864e+00
2.128838879885463609e+00
2.127694095540997310e+00
2.161358460946595450e+00
2.116356028355129038e+00
2.097458428330664759e+00
2.096934681828217961e+00
2.121752326271327593e+00
2.118203486472694408e+00
2.148321707452453655e+00
2.174057476443071124e+00
2.131578652009730845e+00
2.101070621245696657e+00
2.127439183411314882e+00
2.194822798501355532e+00
2.262469832305969319e+00
2.229229320925222524e+00
2.244845758410384473e+00
2.212008265993604894e+00
2.212436616204412676e+00
2.208278963643972581e+00
2.206833906764760656e+00
2.245800994195862543e+00
2.212230907408845315e+00
2.199067442579948128e+00
2.184364523522910773e+00
2.207069728721691160e+00
2.201707210069998144e+00
2.155568114802902890e+00
2.168496654633631948e+00
2.230298446131145695e+00
2.221728908168616456e+00
2.185460014639757809e+00
2.144941553110799592e+00
2.189736616313100459e+00
2.240166688177749776e+00
2.218903310783296501e+00
2.221223919036460437e+00
2.277865895570694743e+00
2.222451690969172500e+00
2.234680631471839707e+00
2.248825344753423217e+00
2.229286665030447701e+00
2.221036167444998100e+00
2.207891169168551215e+00
2.273592674300387362e+00
2.248360235416875685e+00
2.266579510521764096e+00
2.304554605462373118e+00
2.236736666014361052e+00
2.262968539837524329e+00
2.269679657887582636e+00
2.268241241160959376e+00
2.264747148155258571e+00
2.227975678540660809e+00
2.243985505236072875e+00
2.265514573434967538e+00
2.232671463402060574e+00
2.251769359673059245e+00
2.252307705189798614e+00
2.259800109172416693e+00
2.242513325016235903e+00
2.293842490385137989e+00
2.221421042030597093e+00
2.242469780196483686e+00
2.267639343995466739e+00
2.314587747835737730e+00
2.282554313208630781e+00
2.286166712424852143e+00
2.272924487459661247e+00
2.251561351280199297e+00
2.266071797751783024e+00
2.255124164686680199e+00
2.241255436528773792e+00
2.233541610030471691e+00
2.266811316598692283e+00
2.209401095007934135e+00
2.133173099689951613e+00
2.127269529643932788e+00
2.133380484995596849e+00
2.090880773363099188e+00
2.126403563816695375e+00
2.123032829241497055e+00
2.124402646387471894e+00
2.079835206355936883e+00
2.089230486116508523e+00
2.125517533963752204e+00
2.144162439325630665e+00
2.174346982112719040e+00
2.152672203455423539e+00
2.163913096023390548e+00
2.187036039234472984e+00
2.174152691446954222e+00
2.195446651426416373e+00
2.171789195072320489e+00
2.146750789022791484e+00
2.131864139674421121e+00
2.140227531102907310e+00
2.147291251418115277e+00
2.101180901588759919e+00
2.078509648652678177e+00
2.104233021127023040e+00
2.126972943571502572e+00
2.121613465147680788e+00
2.080948803588147822e+00
2.106181429212688361e+00
2.167832995961781695e+00
2.191551070043011418e+00
2.175369626206806295e+00
2.169710208064670187e+00
2.140052280191089285e+00
2.136414702077838790e+00
2.158617654867923008e+00
2.143914395688930608e+00
2.126029183048773863e+00
2.067368293955827330e+00
2.035299575993286592e+00
1.991261784231357357e+00
2.035048331821772472e+00
2.013561622180509048e+00
1.967842180388482021e+00
2.036465248689078855e+00
2.048213862572594746e+00
2.066784158085633649e+00
2.061934440544649583e+00
2.057783847495077367e+00
2.064816809241321494e+00
2.055347766023281064e+00
2.089770849750947956e+00
2.105019237984711467e+00
2.114723100147585466e+00
2.109823835043849627e+00
2.134158312175353345e+00
2.135417351158884536e+00
2.148134184451973017e+00
2.163647242583324637e+00
2.186406977585164668e+00
2.122860587262754617e+00
2.179844581567457862e+00
2.212765531398052321e+00
2.198330862178607514e+00
2.162989288371001795e+00
2.132223360178804761e+00
2.127389202860026973e+00
2.125517094782844119e+00
2.115979765027153903e+00
2.122439679295891501e+00
2.173366244637142231e+00
2.166207345772139359e+00
2.169376520915557105e+00
2.115620662677386132e+00
2.110374318274567340e+00
2.100996974189867306e+00
2.028072599453014213e+00
1.994936611140911920e+00
2.021006248159492369e+00
2.027027720656573884e+00
2.012181128973328459e+00
2.009355298897868458e+00
1.995101109502812387e+00
1.963779872249316050e+00
2.014875004831695016e+00
2.086704388920332942e+00
2.108832171152907442e+00
2.125640471861935499e+00
2.067095182131997166e+00
2.064272964651447495e+00
2.107409565580618427e+00
2.085254366488718425e+00
2.120182639170255179e+00
2.113628066206239442e+00
2.053724016867205737e+00
2.070432433579492582e+00
2.077488113967215888e+00
2.108756415067560841e+00
2.064039917856481665e+00
2.060412918608739208e+00
2.094444506903485159e+00
2.115725699051550279e+00
2.083707873395953758e+00
2.068818885534829732e+00
2.090322044656410139e+00
2.135344061597157506e+00
2.119806632823660664e+00
2.119728150504466058e+00
2.141011304399075055e+00
2.145768264329410258e+00
2.086184297212934968e+00
2.148572788065047590e+00
2.189969109150223581e+00
2.176008065422858628e+00
2.148418330035977153e+00
2.102326536982110028e+00
2.107829107425082782e+00
2.040189043928207990e+00
2.082528069969246332e+00
2.041848413282623564e+00
2.055443815987933576e+00
2.034767758041752028e+00
2.053792304187040951e+00
2.062920525552878193e+00
2.065989510489510295e+00
