5.308575757575757947e+00
4.853250277500277932e+00
3.854237970116685563e+00
3.646367970035914396e+00
3.286777830016209379e+00
2.965884841727322918e+00
2.748218954365404088e+00
2.626771313426327747e+00
2.537071708283369365e+00
2.436440652984706023e+00
2.377353924679821429e+00
2.328745958501328150e+00
2.234328896332298697e+00
2.231256594214250377e+00
2.176468064793386059e+00
2.152699128389091499e+00
2.165651750509823170e+00
2.145782723448797835e+00
2.159700373904368309e+00
2.164031162978901968e+00
2.168971641024996178e+00
2.171627644974216675e+00
2.161284956220894227e+00
2.132027347977426768e+00
2.114603270318190287e+00
2.092889225732660563e+00
2.095695504477042892e+00
2.106495051641254168e+00
2.100314363132060436e+00
2.085387419586856250e+00
2.069598360943807336e+00
2.066250660628120350e+00
2.039830489889646881e+00
2.055783249983440086e+00
2.050265868531897517e+00
2.067682951393674529e+00
2.055636432755116427e+00
2.063678600255866691e+00
2.072079737421741008e+00
2.081962781262253870e+00
2.054602358048103206e+00
2.083269686941257692e+00
2.112909205598604068e+00
2.085740344846946037e+00
2.080181310772879488e+00
2.083235533711486731e+00
2.083606093891743338e+00
2.062583831710663063e+00
2.051196514479693533e+00
2.065042362141869425e+00
2.066938746737031707e+00
2.044781320189629881e+00
2.051762953691171898e+00
2.016456179098847556e+00
2.035392016684003824e+00
2.058560136202450153e+00
2.053912001077469185e+00
2.029021522405474620e+00
2.052574449008603086e+00
2.010539222644897706e+00
2.004771306313436696e+00
1.993876664916691688e+00
1.991836476337027761e+00
1.952428685702566336e+00
1.959035168383501890e+00
1.979283637658765471e+00
1.987715862618446794e+00
1.996297325599355688e+00
1.979670535489283623e+00
1.968688723439296462e+00
1.940861893052550302e+00
1.932555326014029795e+00
1.908425598913376930e+00
1.920629363614057672e+00
1.942772089246852740e+00
1.963284636543735751e+00
1.963808146672496369e+00
1.964216016144731514e+00
1.950547918506263745e+00
1.922097824549571232e+00
1.904207059024513926e+00
1.890167249976833608e+00
1.920497528795965358e+00
1.891379691071903180e+00
1.912660680527768386e+00
1.888969027338688322e+00
1.842783357871835115e+00
1.826864490488940174e+00
1.796732553975113333e+00
1.824083506220146145e+00
1.816394486462318492e+00
1.770073895560255073e+00
1.790931736343238212e+00
1.773664540605998985e+00
1.762082074955520161e+00
1.819507343818457912e+00
1.813649626555102756e+00
1.850188371108982821e+00
1.823452180477661999e+00
1.769271711154347004e+00
1.787140130053183285e+00
1.772317681731950145e+00
1.746300761004601743e+00
1.714335212150656318e+00
1.685122059265133698e+00
1.690806505150777683e+00
1.677043709379938408e+00
1.655710384507644850e+00
1.691582458122248278e+00
1.631244732229735872e+00
1.659504538990673739e+00
1.612061541348063454e+00
1.600730879395502848e+00
1.606747819373761654e+00
1.621037467010643995e+00
1.617166242691511657e+00
1.615091629145527730e+00
1.600226242319860770e+00
1.607269834886370097e+00
1.620253253033219432e+00
1.616557273011863805e+00
1.619005949596792782e+00
1.626360923493560096e+00
1.573501252099828163e+00
1.589506744381192549e+00
1.603554308852602528e+00
1.607026556017238761e+00
1.602421279180863412e+00
1.616021358502725658e+00
1.651613686581099749e+00
1.645899249918517659e+00
1.591028685255902353e+00
1.598172969281896449e+00
1.580773974307898122e+00
1.571092455416725597e+00
1.544674445355763037e+00
1.574911038316503697e+00
1.596526458045857799e+00
1.596043943519276809e+00
1.548937089028090686e+00
1.548707860374651357e+00
1.573890981145785295e+00
1.569954390480212680e+00
1.519867941574436498e+00
1.496317020397902375e+00
1.494174171595149758e+00
1.530582846006389053e+00
1.567479109882760069e+00
1.594131528538615949e+00
1.639208258081787717e+00
1.567111734012386792e+00
1.585889280997640371e+00
1.581929631730648156e+00
1.556922563306632590e+00
1.579716459476420587e+00
1.612371229733458700e+00
1.565856315257358355e+00
1.511885844221138253e+00
1.527193341745973543e+00
1.461688871328190142e+00
1.471490940432116812e+00
1.477398710766357537e+00
1.406699778721450356e+00
1.392366532384024636e+00
1.401064174868818846e+00
1.370583004587066389e+00
1.414425656416582022e+00
1.446074842116947590e+00
1.415436951936951848e+00
1.367695517043343134e+00
1.313989312974606971e+00
1.332247296820826321e+00
1.352953082005713625e+00
1.356521909463085596e+00
1.281194023296964524e+00
1.280193112443112291e+00
1.202798593563299434e+00
1.297545232545232574e+00
1.358272250625191857e+00
1.212438078261607766e+00
1.265708663885134477e+00
1.225063629181276204e+00
1.258652236652236578e+00
1.231675324675324701e+00
