8.430044011544012506e+00
3.967144791457176467e+00
1.773924609500372007e+00
1.022396934184190309e+00
6.894257304141188092e-01
5.222423431031647523e-01
4.264123736298034983e-01
3.673383311609527135e-01
3.264716798491423266e-01
2.982581832560919355e-01
2.801536108738212350e-01
2.642711522006900293e-01
2.540526028429929695e-01
2.468280867423590375e-01
2.369178656636159175e-01
2.314098167645444737e-01
2.244981637955031362e-01
2.153893894173354306e-01
2.105887202693022542e-01
1.994161110333911302e-01
1.958505316338561009e-01
1.932968333217264523e-01
1.939765446144784411e-01
1.921729159337353943e-01
1.860084508256867886e-01
1.877027386266950648e-01
1.802157514043706554e-01
1.747218446374208256e-01
1.706372561116601960e-01
1.653605319728189416e-01
1.583221760251256882e-01
1.511561469555201265e-01
1.466679051096028696e-01
1.390119561514619184e-01
1.298770996530865529e-01
1.307798034552287714e-01
1.334993743727229121e-01
1.257903760513129077e-01
1.144182357852434606e-01
1.016028693528693572e-01
