1.292832142857142763e+01
5.819648398785648880e+00
2.689512913831345386e+00
1.601377350401610888e+00
1.103559776132627013e+00
8.509949192555645858e-01
7.029106528885677996e-01
6.008697475705040425e-01
5.290814153093102989e-01
4.752425728312316133e-01
4.286901733413004401e-01
3.916405971734165936e-01
3.622757628812928732e-01
3.371256710816873392e-01
3.210182535971767281e-01
3.095596320416513780e-01
2.996841078585246732e-01
2.935659563565801156e-01
2.870546426219428571e-01
2.791042791856795380e-01
2.738306764231076551e-01
2.625062922864613291e-01
2.592038614564066146e-01
2.510126026395286813e-01
2.455726545859464593e-01
2.432703952770098876e-01
2.371976625877613154e-01
2.287009137055467656e-01
2.208596826277471614e-01
2.159945558145583422e-01
2.059593544730937698e-01
1.987988878746098365e-01
1.897541811617030061e-01
1.837601309263917626e-01
1.755233255987895813e-01
1.704611092713163301e-01
1.667474484183798789e-01
1.687708106307177491e-01
1.539213698238466044e-01
1.485520541549953388e-01
